0.8824	0.0000	0.0000	0.0000	0.0000	0.0000	0.1176	0.0000	0.0000	0.0000	0.0000	0.0000	0.0000	0.0000	0.0000	0.0000	0.0000	0.0000	0.0000	0.0000	0.0000	0.0000	0.0000	0.0000	0.0000	0.0000	0.0000	0.0000	0.0000	0.0000	0.0000	0.0000	0.0000	0.0000	0.0000	0.0000
0.0000	1.0000	0.0000	0.0000	0.0000	0.0000	0.0000	0.0000	0.0000	0.0000	0.0000	0.0000	0.0000	0.0000	0.0000	0.0000	0.0000	0.0000	0.0000	0.0000	0.0000	0.0000	0.0000	0.0000	0.0000	0.0000	0.0000	0.0000	0.0000	0.0000	0.0000	0.0000	0.0000	0.0000	0.0000	0.0000
0.0000	0.0000	0.8366	0.0000	0.0000	0.0000	0.0000	0.0000	0.0000	0.0000	0.0000	0.1436	0.0000	0.0000	0.0099	0.0000	0.0000	0.0050	0.0000	0.0000	0.0000	0.0000	0.0000	0.0050	0.0000	0.0000	0.0000	0.0000	0.0000	0.0000	0.0000	0.0000	0.0000	0.0000	0.0000	0.0000
0.0000	0.0000	0.0000	0.2816	0.0000	0.0000	0.0000	0.0000	0.0000	0.0000	0.0000	0.0000	0.0291	0.0000	0.0000	0.0485	0.0000	0.0000	0.0097	0.1456	0.2816	0.0000	0.0000	0.1262	0.0000	0.0000	0.0097	0.0000	0.0000	0.0000	0.0097	0.0000	0.0000	0.0000	0.0000	0.0583
0.0000	0.0000	0.0000	0.0000	0.3737	0.0000	0.0000	0.0000	0.0000	0.0000	0.0000	0.0000	0.0000	0.0000	0.2626	0.0000	0.0000	0.0000	0.0000	0.0000	0.0000	0.0000	0.0152	0.1010	0.0051	0.0000	0.0000	0.0000	0.0000	0.0000	0.0000	0.2424	0.0000	0.0000	0.0000	0.0000
0.0000	0.0000	0.0000	0.0000	0.0000	0.0889	0.0000	0.0000	0.0000	0.0000	0.0000	0.0000	0.0000	0.0111	0.0000	0.0000	0.0000	0.0000	0.0000	0.0000	0.0000	0.0000	0.0000	0.8889	0.0000	0.0000	0.0000	0.0000	0.0000	0.0000	0.0000	0.0111	0.0000	0.0000	0.0000	0.0000
0.0000	0.0000	0.0000	0.0000	0.0000	0.0000	1.0000	0.0000	0.0000	0.0000	0.0000	0.0000	0.0000	0.0000	0.0000	0.0000	0.0000	0.0000	0.0000	0.0000	0.0000	0.0000	0.0000	0.0000	0.0000	0.0000	0.0000	0.0000	0.0000	0.0000	0.0000	0.0000	0.0000	0.0000	0.0000	0.0000
0.0000	0.0000	0.0000	0.0000	0.0000	0.0000	0.0000	1.0000	0.0000	0.0000	0.0000	0.0000	0.0000	0.0000	0.0000	0.0000	0.0000	0.0000	0.0000	0.0000	0.0000	0.0000	0.0000	0.0000	0.0000	0.0000	0.0000	0.0000	0.0000	0.0000	0.0000	0.0000	0.0000	0.0000	0.0000	0.0000
0.0000	0.0000	0.0000	0.0000	0.0000	0.0000	0.0000	0.0000	0.6545	0.0000	0.0000	0.0000	0.0000	0.0000	0.0000	0.0000	0.0000	0.0000	0.0000	0.0000	0.0000	0.0000	0.0000	0.0000	0.3455	0.0000	0.0000	0.0000	0.0000	0.0000	0.0000	0.0000	0.0000	0.0000	0.0000	0.0000
0.0000	0.0000	0.0000	0.0000	0.0000	0.0000	0.0000	0.0000	0.0000	0.0000	0.0000	0.0000	0.0000	0.0000	0.0000	0.0000	0.0000	0.0000	0.0000	0.0000	0.0000	0.0000	0.0000	1.0000	0.0000	0.0000	0.0000	0.0000	0.0000	0.0000	0.0000	0.0000	0.0000	0.0000	0.0000	0.0000
0.0000	0.0000	0.0000	0.0000	0.0000	0.0012	0.0000	0.0000	0.0000	0.0000	0.9900	0.0000	0.0000	0.0000	0.0000	0.0083	0.0000	0.0000	0.0000	0.0000	0.0000	0.0000	0.0000	0.0000	0.0000	0.0004	0.0000	0.0000	0.0000	0.0000	0.0000	0.0000	0.0000	0.0000	0.0000	0.0000
0.0000	0.0000	0.0556	0.0000	0.0000	0.0000	0.0000	0.0000	0.0000	0.0000	0.0000	0.9444	0.0000	0.0000	0.0000	0.0000	0.0000	0.0000	0.0000	0.0000	0.0000	0.0000	0.0000	0.0000	0.0000	0.0000	0.0000	0.0000	0.0000	0.0000	0.0000	0.0000	0.0000	0.0000	0.0000	0.0000
0.0000	0.0000	0.0000	0.0826	0.0596	0.0000	0.0000	0.0000	0.0138	0.0000	0.0000	0.0000	0.2890	0.0000	0.0917	0.2018	0.0046	0.0046	0.0000	0.0000	0.0505	0.0000	0.0046	0.0000	0.0826	0.0000	0.0229	0.0000	0.0000	0.0000	0.0046	0.0734	0.0000	0.0138	0.0000	0.0000
0.0000	0.0062	0.0000	0.0000	0.0000	0.0000	0.0000	0.0000	0.0000	0.0000	0.0123	0.0000	0.0000	0.9506	0.0062	0.0000	0.0000	0.0000	0.0000	0.0000	0.0000	0.0000	0.0000	0.0185	0.0000	0.0000	0.0000	0.0000	0.0000	0.0000	0.0000	0.0062	0.0000	0.0000	0.0000	0.0000
0.0000	0.0000	0.0000	0.0000	0.0087	0.0000	0.0010	0.0000	0.0000	0.0000	0.0000	0.0000	0.0000	0.0000	0.7599	0.0000	0.0000	0.0000	0.0000	0.0000	0.0000	0.0000	0.0000	0.2256	0.0010	0.0000	0.0000	0.0000	0.0010	0.0000	0.0000	0.0029	0.0000	0.0000	0.0000	0.0000
0.0000	0.0000	0.0000	0.0133	0.0139	0.0012	0.0000	0.0067	0.0012	0.0000	0.0000	0.0000	0.0006	0.0000	0.0097	0.8608	0.0000	0.0006	0.0012	0.0006	0.0127	0.0000	0.0006	0.0109	0.0248	0.0097	0.0024	0.0018	0.0012	0.0000	0.0030	0.0151	0.0000	0.0079	0.0000	0.0000
0.0000	0.0000	0.0000	0.0513	0.0000	0.0000	0.0000	0.0000	0.0000	0.0000	0.0000	0.0000	0.0128	0.0000	0.0000	0.0769	0.0000	0.0000	0.0513	0.0769	0.3462	0.0000	0.0000	0.2179	0.0000	0.0000	0.0128	0.0000	0.0256	0.0000	0.0513	0.0385	0.0000	0.0128	0.0000	0.0256
0.0000	0.0294	0.0000	0.0000	0.0000	0.0000	0.0000	0.0294	0.0000	0.0000	0.0000	0.0000	0.0000	0.0294	0.1176	0.1765	0.0000	0.2059	0.0000	0.0000	0.0000	0.0000	0.0000	0.3235	0.0882	0.0000	0.0000	0.0000	0.0000	0.0000	0.0000	0.0000	0.0000	0.0000	0.0000	0.0000
0.0000	0.0000	0.0000	0.0000	0.0000	0.0000	0.0000	0.0000	0.0000	0.0000	0.0000	0.0000	0.0000	0.0000	0.0000	0.3529	0.0000	0.0000	0.0000	0.0588	0.1765	0.0000	0.0000	0.1176	0.0000	0.0000	0.1765	0.0000	0.0588	0.0000	0.0000	0.0000	0.0000	0.0588	0.0000	0.0000
0.0000	0.0001	0.0000	0.0001	0.0000	0.0000	0.0000	0.0000	0.0000	0.0000	0.0000	0.0000	0.0000	0.0001	0.0000	0.0000	0.0000	0.0000	0.0000	0.9987	0.0002	0.0000	0.0000	0.0000	0.0000	0.0000	0.0000	0.0008	0.0000	0.0000	0.0000	0.0000	0.0000	0.0000	0.0000	0.0000
0.0000	0.0000	0.0000	0.0137	0.0000	0.0000	0.0000	0.0000	0.0000	0.0000	0.0000	0.0000	0.0000	0.0000	0.0000	0.0000	0.0000	0.0000	0.0205	0.0685	0.5205	0.0000	0.0137	0.0753	0.0000	0.0000	0.0753	0.0068	0.0274	0.0000	0.0137	0.1164	0.0000	0.0000	0.0000	0.0479
0.0000	0.0000	0.0000	0.0263	0.0000	0.0000	0.0000	0.0000	0.0000	0.0000	0.0000	0.0000	0.0000	0.0000	0.0000	0.0000	0.0000	0.0000	0.0263	0.1053	0.6316	0.0000	0.0000	0.1053	0.0000	0.0000	0.0263	0.0000	0.0000	0.0000	0.0000	0.0789	0.0000	0.0000	0.0000	0.0000
0.0000	0.0000	0.0000	0.0000	0.0055	0.0000	0.0000	0.0000	0.0000	0.0000	0.0000	0.0000	0.0000	0.0000	0.0000	0.0000	0.0000	0.0000	0.0000	0.0000	0.0000	0.0000	0.9560	0.0192	0.0000	0.0000	0.0000	0.0000	0.0027	0.0000	0.0000	0.0165	0.0000	0.0000	0.0000	0.0000
0.0000	0.0010	0.0000	0.0000	0.0000	0.0000	0.0000	0.0000	0.0000	0.0000	0.0000	0.0000	0.0000	0.0033	0.0010	0.0000	0.0000	0.0000	0.0000	0.0007	0.0000	0.0000	0.0000	0.9407	0.0000	0.0000	0.0000	0.0000	0.0000	0.0000	0.0000	0.0534	0.0000	0.0000	0.0000	0.0000
0.0000	0.0010	0.0000	0.0000	0.0020	0.0000	0.0000	0.0000	0.0526	0.0000	0.0000	0.0000	0.0000	0.0000	0.0238	0.0000	0.0000	0.0000	0.0000	0.0000	0.0000	0.0000	0.0000	0.1399	0.7808	0.0000	0.0000	0.0000	0.0000	0.0000	0.0000	0.0000	0.0000	0.0000	0.0000	0.0000
0.0000	0.0000	0.0000	0.0000	0.0000	0.0000	0.0000	0.0000	0.0000	0.0000	0.0000	0.0000	0.0000	0.0000	0.0000	0.0000	0.0000	0.0000	0.0000	0.0000	0.0000	0.0000	0.0000	0.0015	0.0000	0.9985	0.0000	0.0000	0.0000	0.0000	0.0000	0.0000	0.0000	0.0000	0.0000	0.0000
0.0000	0.0000	0.0000	0.0000	0.0000	0.0000	0.0000	0.0000	0.0000	0.0000	0.0000	0.0000	0.0000	0.0000	0.0000	0.0000	0.0000	0.0000	0.0000	0.0039	0.0000	0.0000	0.0000	0.0000	0.0000	0.0000	0.9883	0.0078	0.0000	0.0000	0.0000	0.0000	0.0000	0.0000	0.0000	0.0000
0.0000	0.0002	0.0000	0.0000	0.0000	0.0000	0.0000	0.0000	0.0000	0.0000	0.0000	0.0000	0.0000	0.0000	0.0000	0.0002	0.0000	0.0000	0.0000	0.0000	0.0000	0.0000	0.0000	0.0000	0.0000	0.0000	0.0000	0.9992	0.0004	0.0000	0.0000	0.0000	0.0000	0.0000	0.0000	0.0000
0.0000	0.0000	0.0000	0.0000	0.0000	0.0000	0.0000	0.0000	0.0000	0.0000	0.0000	0.0000	0.0000	0.0000	0.0000	0.0000	0.0000	0.0000	0.0000	0.0000	0.0272	0.0000	0.0000	0.0000	0.0000	0.0000	0.0000	0.0000	0.9603	0.0000	0.0000	0.0063	0.0000	0.0063	0.0000	0.0000
0.0000	0.0000	0.0000	0.0000	0.0000	0.0000	0.0000	0.0000	0.0000	0.0000	0.0000	0.0000	0.0000	0.0000	0.0012	0.0000	0.0000	0.0000	0.0000	0.0000	0.0000	0.0000	0.0000	0.0000	0.0000	0.0000	0.0000	0.0000	0.0000	0.9988	0.0000	0.0000	0.0000	0.0000	0.0000	0.0000
0.0000	0.0000	0.0000	0.0698	0.0000	0.0000	0.0000	0.0000	0.0000	0.0000	0.0000	0.0000	0.0000	0.0000	0.0000	0.0000	0.0000	0.0000	0.0930	0.0698	0.4186	0.0000	0.0000	0.2093	0.0000	0.0000	0.0930	0.0000	0.0000	0.0000	0.0465	0.0000	0.0000	0.0000	0.0000	0.0000
0.0000	0.0000	0.0002	0.0000	0.0009	0.0000	0.0000	0.0000	0.0000	0.0000	0.0000	0.0001	0.0000	0.0002	0.0001	0.0001	0.0000	0.0000	0.0000	0.0001	0.0000	0.0000	0.0001	0.0000	0.0000	0.0001	0.0000	0.0000	0.0001	0.0000	0.0000	0.9983	0.0000	0.0001	0.0000	0.0000
0.0000	0.0000	0.0000	0.8000	0.0000	0.0000	0.0000	0.0000	0.0000	0.0000	0.0000	0.0000	0.2000	0.0000	0.0000	0.0000	0.0000	0.0000	0.0000	0.0000	0.0000	0.0000	0.0000	0.0000	0.0000	0.0000	0.0000	0.0000	0.0000	0.0000	0.0000	0.0000	0.0000	0.0000	0.0000	0.0000
0.0000	0.0000	0.0000	0.0000	0.0000	0.0000	0.0000	0.0000	0.0000	0.0000	0.0000	0.0000	0.0000	0.0000	0.0000	0.0000	0.0000	0.0000	0.0000	0.0000	0.0000	0.0000	0.0000	0.0000	0.0000	0.0000	0.0000	0.0377	0.0189	0.0000	0.0000	0.0000	0.0000	0.9434	0.0000	0.0000
0.0000	0.0000	0.0000	0.0000	0.0588	0.0000	0.0000	0.0000	0.0000	0.0000	0.0000	0.0000	0.0000	0.0000	0.0000	0.2353	0.0000	0.0000	0.1176	0.0588	0.2353	0.0000	0.0000	0.2941	0.0000	0.0000	0.0000	0.0000	0.0000	0.0000	0.0000	0.0000	0.0000	0.0000	0.0000	0.0000
0.0000	0.0000	0.0000	0.0000	0.0000	0.0000	0.0000	0.0000	0.0000	0.0000	0.0000	0.0000	0.0000	0.0000	0.0000	0.0000	0.0000	0.0000	0.0000	0.0035	0.0000	0.0000	0.0000	0.0000	0.0000	0.0000	0.0000	0.0005	0.0000	0.0000	0.0000	0.0000	0.0000	0.0000	0.0000	0.9960
