0.9756	0.0000	0.0000	0.0000	0.0000	0.0000	0.0000	0.0000	0.0244	0.0000	0.0000	0.0000	0.0000	0.0000	0.0000	0.0000	0.0000	0.0000	0.0000	0.0000	0.0000	0.0000	0.0000	0.0000	0.0000	0.0000	0.0000	0.0000	0.0000	0.0000	0.0000	0.0000	0.0000	0.0000	0.0000	0.0000	0.0000
0.0000	1.0000	0.0000	0.0000	0.0000	0.0000	0.0000	0.0000	0.0000	0.0000	0.0000	0.0000	0.0000	0.0000	0.0000	0.0000	0.0000	0.0000	0.0000	0.0000	0.0000	0.0000	0.0000	0.0000	0.0000	0.0000	0.0000	0.0000	0.0000	0.0000	0.0000	0.0000	0.0000	0.0000	0.0000	0.0000	0.0000
0.0000	0.0000	0.2353	0.0000	0.0000	0.0000	0.0000	0.0000	0.0000	0.0000	0.0000	0.0000	0.0000	0.0000	0.0000	0.0882	0.0000	0.0000	0.0000	0.0000	0.0000	0.0000	0.0000	0.0000	0.3529	0.0000	0.1471	0.0294	0.0000	0.1471	0.0000	0.0000	0.0000	0.0000	0.0000	0.0000	0.0000
0.0000	0.0000	0.0000	1.0000	0.0000	0.0000	0.0000	0.0000	0.0000	0.0000	0.0000	0.0000	0.0000	0.0000	0.0000	0.0000	0.0000	0.0000	0.0000	0.0000	0.0000	0.0000	0.0000	0.0000	0.0000	0.0000	0.0000	0.0000	0.0000	0.0000	0.0000	0.0000	0.0000	0.0000	0.0000	0.0000	0.0000
0.0000	0.0000	0.0000	0.0000	1.0000	0.0000	0.0000	0.0000	0.0000	0.0000	0.0000	0.0000	0.0000	0.0000	0.0000	0.0000	0.0000	0.0000	0.0000	0.0000	0.0000	0.0000	0.0000	0.0000	0.0000	0.0000	0.0000	0.0000	0.0000	0.0000	0.0000	0.0000	0.0000	0.0000	0.0000	0.0000	0.0000
0.0000	0.0000	0.0000	0.0000	0.0000	0.1966	0.0000	0.0000	0.0000	0.0000	0.0000	0.0000	0.0000	0.0000	0.0000	0.2360	0.1011	0.0000	0.0000	0.0000	0.0000	0.0000	0.0000	0.0000	0.2921	0.0000	0.1461	0.0281	0.0000	0.0000	0.0000	0.0000	0.0000	0.0000	0.0000	0.0000	0.0000
0.0000	0.0000	0.0000	0.0000	0.0000	0.0000	0.0800	0.0000	0.0000	0.0000	0.0000	0.0000	0.0000	0.0000	0.2800	0.0000	0.0000	0.0000	0.0000	0.0000	0.0000	0.0000	0.0000	0.0000	0.0000	0.0000	0.6000	0.0000	0.0000	0.0000	0.0000	0.0000	0.0000	0.0000	0.0400	0.0000	0.0000
0.0000	0.0127	0.0000	0.0000	0.0000	0.0000	0.0000	0.0000	0.0000	0.0127	0.0000	0.0000	0.0000	0.0000	0.0000	0.0764	0.0127	0.0000	0.0000	0.0000	0.0000	0.0000	0.0000	0.0000	0.3949	0.0000	0.4586	0.0064	0.0000	0.0000	0.0000	0.0000	0.0000	0.0000	0.0255	0.0000	0.0000
0.0000	0.0000	0.0000	0.0000	0.0000	0.0000	0.0000	0.0000	0.9960	0.0000	0.0000	0.0000	0.0000	0.0000	0.0000	0.0040	0.0000	0.0000	0.0000	0.0000	0.0000	0.0000	0.0000	0.0000	0.0000	0.0000	0.0000	0.0000	0.0000	0.0000	0.0000	0.0000	0.0000	0.0000	0.0000	0.0000	0.0000
0.0000	0.0000	0.0000	0.0000	0.0000	0.0000	0.0000	0.0000	0.0000	0.1940	0.0000	0.0000	0.0000	0.0000	0.0000	0.0000	0.0000	0.0000	0.0000	0.0000	0.0000	0.0000	0.0000	0.0000	0.1343	0.0000	0.6716	0.0000	0.0000	0.0000	0.0000	0.0000	0.0000	0.0000	0.0000	0.0000	0.0000
0.0000	0.0000	0.0000	0.0000	0.0000	0.0000	0.0000	0.0000	0.0000	0.0000	0.9903	0.0000	0.0000	0.0000	0.0000	0.0000	0.0000	0.0000	0.0000	0.0000	0.0000	0.0000	0.0000	0.0000	0.0000	0.0000	0.0000	0.0000	0.0000	0.0000	0.0000	0.0097	0.0000	0.0000	0.0000	0.0000	0.0000
0.0000	0.0000	0.0000	0.0000	0.0000	0.0000	0.0000	0.0000	0.0000	0.0000	0.0000	0.0000	0.0000	0.0000	0.0000	0.0000	0.0000	0.0000	0.0000	0.0000	0.0000	0.0000	0.0000	0.0000	0.4571	0.0000	0.5429	0.0000	0.0000	0.0000	0.0000	0.0000	0.0000	0.0000	0.0000	0.0000	0.0000
0.0000	0.0000	0.0000	0.0000	0.0000	0.0000	0.0000	0.0000	0.0000	0.0027	0.0000	0.0000	0.7770	0.0000	0.0000	0.0009	0.0867	0.0150	0.0000	0.0000	0.0000	0.0000	0.0018	0.0000	0.0513	0.0000	0.0363	0.0000	0.0000	0.0000	0.0009	0.0044	0.0000	0.0000	0.0186	0.0000	0.0044
0.0000	0.0000	0.0000	0.0000	0.0000	0.0045	0.0000	0.0000	0.0000	0.0000	0.0000	0.0000	0.0000	0.2760	0.0000	0.0498	0.2443	0.0045	0.0000	0.0000	0.0000	0.0000	0.0000	0.0000	0.2353	0.0000	0.1131	0.0045	0.0090	0.0000	0.0000	0.0000	0.0000	0.0000	0.0588	0.0000	0.0000
0.0000	0.0000	0.0000	0.0000	0.0000	0.0000	0.0000	0.0000	0.0000	0.0000	0.0000	0.0000	0.0000	0.0000	0.9714	0.0000	0.0000	0.0000	0.0000	0.0000	0.0000	0.0000	0.0000	0.0000	0.0000	0.0000	0.0143	0.0000	0.0000	0.0000	0.0000	0.0000	0.0000	0.0000	0.0143	0.0000	0.0000
0.0000	0.0002	0.0000	0.0000	0.0000	0.0000	0.0000	0.0000	0.0002	0.0000	0.0000	0.0000	0.0000	0.0000	0.0000	0.8869	0.0008	0.0000	0.0000	0.0000	0.0000	0.0000	0.0000	0.0000	0.0471	0.0002	0.0561	0.0065	0.0000	0.0000	0.0000	0.0006	0.0000	0.0000	0.0012	0.0002	0.0000
0.0000	0.0001	0.0000	0.0000	0.0000	0.0010	0.0000	0.0000	0.0000	0.0000	0.0013	0.0000	0.0009	0.0000	0.0000	0.0088	0.8803	0.0007	0.0001	0.0000	0.0000	0.0012	0.0009	0.0000	0.0486	0.0000	0.0327	0.0125	0.0012	0.0000	0.0003	0.0016	0.0000	0.0000	0.0067	0.0000	0.0009
0.0000	0.0000	0.0000	0.0000	0.0000	0.0000	0.0000	0.0000	0.0000	0.0106	0.0000	0.0000	0.0000	0.0426	0.0000	0.0000	0.1489	0.0851	0.0000	0.0000	0.0000	0.0000	0.0319	0.0000	0.3936	0.0000	0.0851	0.0000	0.0319	0.0000	0.0000	0.0106	0.0000	0.0000	0.0000	0.0000	0.1596
0.0000	0.0000	0.0000	0.0000	0.0000	0.0000	0.0000	0.0000	0.0000	0.0000	0.0270	0.0000	0.0000	0.0000	0.0000	0.0000	0.0135	0.0000	0.8784	0.0000	0.0000	0.0000	0.0000	0.0000	0.0135	0.0135	0.0541	0.0000	0.0000	0.0000	0.0000	0.0000	0.0000	0.0000	0.0000	0.0000	0.0000
0.0000	0.0000	0.0000	0.0000	0.0000	0.0000	0.0000	0.0000	0.0000	0.0000	0.0000	0.0000	0.0000	0.0000	0.0000	0.0000	0.0000	0.0000	0.0000	0.9999	0.0000	0.0000	0.0000	0.0000	0.0001	0.0000	0.0000	0.0000	0.0000	0.0000	0.0000	0.0000	0.0000	0.0000	0.0000	0.0000	0.0000
0.0000	0.0000	0.0000	0.0000	0.0000	0.0000	0.0000	0.0000	0.0000	0.0000	0.0000	0.0000	0.0408	0.0000	0.0000	0.0000	0.3673	0.1020	0.0000	0.0000	0.0816	0.0000	0.0408	0.0000	0.2857	0.0000	0.0204	0.0000	0.0408	0.0000	0.0204	0.0000	0.0000	0.0000	0.0000	0.0000	0.0000
0.0000	0.0000	0.0000	0.0000	0.0000	0.0000	0.0000	0.0000	0.0000	0.0000	0.0000	0.0000	0.0000	0.0000	0.0000	0.0000	0.0562	0.0000	0.0000	0.0000	0.0000	0.7865	0.0000	0.0000	0.0112	0.0000	0.1461	0.0000	0.0000	0.0000	0.0000	0.0000	0.0000	0.0000	0.0000	0.0000	0.0000
0.0000	0.0000	0.0000	0.0000	0.0000	0.0000	0.0000	0.0000	0.0000	0.0000	0.0000	0.0000	0.0000	0.0000	0.0000	0.0036	0.0000	0.0399	0.0000	0.0000	0.0000	0.0000	0.6594	0.0000	0.1739	0.0000	0.0362	0.0000	0.0399	0.0000	0.0000	0.0072	0.0000	0.0000	0.0036	0.0072	0.0290
0.0000	0.0000	0.0000	0.0000	0.0000	0.0000	0.0000	0.0000	0.0000	0.0000	0.0000	0.0000	0.0000	0.0000	0.0000	0.0000	0.0000	0.0000	0.0000	0.0000	0.0000	0.0000	0.0000	0.8737	0.0126	0.0000	0.0025	0.0000	0.0000	0.0960	0.0000	0.0000	0.0000	0.0000	0.0152	0.0000	0.0000
0.0000	0.0003	0.0000	0.0000	0.0000	0.0000	0.0000	0.0000	0.0000	0.0019	0.0000	0.0000	0.0000	0.0000	0.0000	0.0962	0.0179	0.0000	0.0000	0.0000	0.0000	0.0000	0.0010	0.0000	0.7967	0.0003	0.0626	0.0064	0.0010	0.0000	0.0006	0.0038	0.0000	0.0000	0.0112	0.0000	0.0000
0.0000	0.0000	0.0000	0.0000	0.0000	0.0000	0.0000	0.0000	0.0000	0.0000	0.0000	0.0000	0.0000	0.0000	0.0000	0.1136	0.0000	0.0000	0.0000	0.0000	0.0000	0.0000	0.0000	0.0000	0.0341	0.8523	0.0000	0.0000	0.0000	0.0000	0.0000	0.0000	0.0000	0.0000	0.0000	0.0000	0.0000
0.0000	0.0009	0.0000	0.0000	0.0000	0.0000	0.0001	0.0000	0.0000	0.0000	0.0062	0.0000	0.0000	0.0000	0.0001	0.0119	0.0000	0.0000	0.0001	0.0000	0.0000	0.0000	0.0001	0.0000	0.0000	0.0000	0.9406	0.0160	0.0000	0.0000	0.0003	0.0004	0.0000	0.0000	0.0234	0.0000	0.0001
0.0000	0.0000	0.0000	0.0000	0.0000	0.0000	0.0000	0.0000	0.0000	0.0000	0.0000	0.0000	0.0000	0.0000	0.0000	0.0086	0.0000	0.0000	0.0000	0.0000	0.0000	0.0000	0.0002	0.0000	0.0000	0.0000	0.0680	0.9208	0.0000	0.0000	0.0000	0.0005	0.0000	0.0000	0.0018	0.0000	0.0000
0.0000	0.0000	0.0000	0.0000	0.0000	0.0000	0.0000	0.0000	0.0000	0.0000	0.0000	0.0000	0.0000	0.0000	0.0000	0.0000	0.0000	0.0000	0.0000	0.0000	0.0000	0.0000	0.0000	0.0000	0.0000	0.0000	0.0000	0.0000	0.9796	0.0000	0.0204	0.0000	0.0000	0.0000	0.0000	0.0000	0.0000
0.0000	0.0000	0.0012	0.0006	0.0000	0.0000	0.0000	0.0000	0.0000	0.0018	0.0000	0.0000	0.0000	0.0000	0.0000	0.0066	0.0000	0.0000	0.0000	0.0000	0.0000	0.0000	0.0000	0.0012	0.0289	0.0000	0.0168	0.0030	0.0000	0.9369	0.0000	0.0006	0.0000	0.0000	0.0024	0.0000	0.0000
0.0000	0.0002	0.0000	0.0000	0.0000	0.0000	0.0000	0.0000	0.0000	0.0000	0.0000	0.0000	0.0000	0.0000	0.0000	0.0000	0.0000	0.0000	0.0000	0.0000	0.0000	0.0000	0.0000	0.0000	0.0000	0.0000	0.0000	0.0000	0.0000	0.0000	0.9998	0.0000	0.0000	0.0000	0.0000	0.0000	0.0000
0.0000	0.0000	0.0000	0.0000	0.0000	0.0000	0.0000	0.0000	0.0000	0.0000	0.0000	0.0000	0.0000	0.0000	0.0000	0.0000	0.0000	0.0000	0.0000	0.0000	0.0000	0.0000	0.0000	0.0000	0.0044	0.0000	0.0000	0.0000	0.0000	0.0000	0.0000	0.9891	0.0000	0.0000	0.0066	0.0000	0.0000
0.0000	0.0000	0.0000	0.0000	0.0000	0.0000	0.0000	0.0000	0.0000	0.0000	0.0000	0.0000	0.0000	0.0000	0.0000	0.0000	0.0000	0.0000	0.0000	0.0000	0.0000	0.0000	0.0000	0.0000	0.0000	0.0000	0.0000	0.0000	0.0000	0.0000	0.0000	0.0000	1.0000	0.0000	0.0000	0.0000	0.0000
0.0000	0.0000	0.0000	0.0000	0.0000	0.0000	0.0000	0.0000	0.0000	0.0263	0.0000	0.0000	0.0000	0.0000	0.0000	0.0000	0.1053	0.0263	0.0000	0.0000	0.0000	0.0000	0.0263	0.0000	0.5263	0.0000	0.1579	0.0000	0.0263	0.0000	0.0526	0.0263	0.0000	0.0000	0.0000	0.0000	0.0263
0.0000	0.0003	0.0000	0.0000	0.0000	0.0000	0.0000	0.0000	0.0000	0.0000	0.0000	0.0000	0.0000	0.0000	0.0002	0.0000	0.0006	0.0000	0.0000	0.0000	0.0000	0.0000	0.0002	0.0003	0.0000	0.0000	0.0008	0.0003	0.0000	0.0000	0.0000	0.0002	0.0000	0.0000	0.9971	0.0000	0.0000
0.0000	0.0000	0.0000	0.0000	0.0000	0.0000	0.0000	0.0000	0.0000	0.0000	0.0000	0.0000	0.0000	0.0000	0.0000	0.0000	0.0000	0.0000	0.0000	0.0000	0.0000	0.0000	0.0000	0.0000	0.0000	0.0000	0.0000	0.0000	0.0000	0.0000	0.0000	0.1429	0.0000	0.0000	0.0000	0.8571	0.0000
0.0000	0.0000	0.0000	0.0000	0.0000	0.0000	0.0000	0.0000	0.0000	0.0000	0.0000	0.0000	0.0000	0.0000	0.0000	0.0000	0.0000	0.1176	0.0000	0.0000	0.0000	0.0000	0.0000	0.0000	0.0000	0.0000	0.0000	0.0000	0.0000	0.0000	0.0588	0.0000	0.0000	0.0000	0.0000	0.0000	0.8235
